"e","f","g","label"
3,1,1,"A"
2,2,1,"A"
2,1,1,"A"
1,2,2,"A"
2,1,1,"A"
3,1,3,"A"
1,1,1,"A"
1,2,1,"A"
3,3,1,"A"
2,1,1,"A"
2,3,1,"A"
1,1,3,"A"
3,1,1,"A"
2,1,1,"A"
2,1,1,"A"
3,1,1,"A"
3,1,1,"A"
2,1,2,"A"
1,2,1,"A"
1,1,1,"A"
2,1,1,"A"
2,1,1,"A"
2,1,1,"A"
1,1,1,"A"
1,2,2,"A"
1,1,1,"A"
1,1,1,"A"
1,1,3,"A"
3,1,1,"A"
2,1,1,"A"
1,1,1,"A"
3,1,1,"A"
3,1,1,"A"
1,2,1,"A"
3,1,1,"A"
3,1,1,"A"
3,1,2,"A"
1,1,3,"A"
1,1,1,"A"
2,1,1,"A"
2,2,2,"A"
3,1,1,"A"
2,1,2,"A"
2,1,2,"A"
3,1,1,"A"
1,1,1,"A"
3,1,1,"A"
2,1,1,"A"
2,1,1,"A"
2,1,1,"A"
2,1,1,"A"
3,1,1,"A"
1,3,1,"A"
1,1,1,"A"
2,3,1,"A"
2,2,1,"A"
2,1,1,"A"
3,1,1,"A"
2,1,1,"A"
1,1,1,"A"
3,1,1,"A"
3,2,1,"A"
2,1,1,"A"
2,1,1,"A"
1,1,2,"A"
2,1,1,"A"
3,1,3,"A"
1,1,3,"A"
3,1,1,"A"
3,1,1,"A"
1,1,2,"A"
2,1,1,"A"
3,2,1,"A"
3,1,1,"A"
3,1,1,"A"
1,1,3,"A"
1,1,1,"A"
2,1,1,"A"
2,3,1,"A"
2,1,1,"A"
2,1,1,"A"
1,1,1,"A"
3,1,3,"A"
1,2,1,"A"
1,1,1,"A"
2,1,1,"A"
1,1,1,"A"
1,1,1,"A"
3,2,1,"A"
2,1,1,"A"
3,1,1,"A"
1,1,3,"A"
2,1,1,"A"
3,2,1,"A"
3,1,1,"A"
3,1,1,"A"
1,1,1,"A"
1,3,3,"A"
1,1,1,"A"
3,1,1,"A"
1,1,1,"A"
2,1,1,"A"
3,1,1,"A"
2,1,1,"A"
1,2,1,"A"
1,1,2,"A"
3,1,1,"A"
3,3,3,"A"
2,1,2,"A"
2,1,1,"A"
1,2,2,"A"
2,3,1,"A"
3,1,1,"A"
3,1,1,"A"
1,1,1,"A"
1,1,1,"A"
3,1,1,"A"
1,1,1,"A"
3,1,1,"A"
1,1,2,"A"
2,1,1,"A"
2,3,1,"A"
2,1,1,"A"
2,1,1,"A"
1,1,1,"A"
1,1,3,"A"
3,1,1,"A"
1,1,1,"A"
3,1,2,"A"
3,1,1,"A"
1,1,2,"A"
1,2,1,"A"
3,1,2,"A"
3,1,3,"A"
3,1,1,"A"
1,1,1,"A"
2,1,1,"A"
3,1,1,"A"
1,1,2,"A"
1,1,1,"A"
2,1,1,"A"
1,1,1,"A"
2,1,3,"A"
1,1,1,"A"
1,1,3,"A"
1,1,1,"A"
1,2,1,"A"
2,1,1,"A"
3,3,1,"A"
3,1,1,"A"
1,1,1,"A"
1,1,1,"A"
2,1,1,"A"
2,1,3,"A"
3,1,1,"A"
1,1,3,"A"
2,1,1,"A"
3,1,1,"A"
3,1,1,"A"
3,1,1,"A"
3,1,3,"A"
2,1,2,"A"
1,1,1,"A"
1,1,1,"A"
2,1,1,"A"
1,1,2,"A"
2,1,1,"A"
2,1,1,"A"
1,1,1,"A"
3,3,1,"A"
2,1,1,"A"
3,1,1,"A"
3,1,1,"A"
3,1,1,"A"
1,1,1,"A"
1,1,1,"A"
1,1,1,"A"
1,2,1,"A"
2,1,3,"A"
2,1,1,"A"
2,1,1,"A"
1,1,1,"A"
1,1,1,"A"
2,1,1,"A"
2,1,3,"A"
1,2,1,"A"
3,1,3,"A"
3,1,1,"A"
3,1,1,"A"
3,1,1,"A"
2,3,1,"A"
3,3,1,"A"
3,1,1,"A"
2,1,1,"A"
1,1,3,"A"
3,3,1,"A"
1,1,1,"A"
2,1,2,"A"
2,1,1,"A"
3,1,1,"A"
3,2,1,"A"
3,1,1,"A"
2,1,1,"A"
1,1,3,"A"
3,1,1,"A"
1,2,1,"A"
3,1,1,"A"
1,1,1,"A"
3,1,3,"A"
3,1,1,"A"
1,1,1,"A"
3,1,1,"A"
3,2,1,"A"
3,1,1,"A"
1,2,1,"A"
3,1,1,"A"
3,2,1,"A"
3,2,1,"A"
2,1,1,"A"
3,1,1,"A"
3,1,1,"A"
3,1,1,"A"
3,1,1,"A"
3,1,1,"A"
2,1,1,"A"
2,1,1,"A"
2,2,1,"A"
1,1,1,"A"
2,1,1,"A"
1,1,1,"A"
2,1,2,"A"
1,2,3,"A"
3,3,1,"A"
2,1,3,"A"
2,1,1,"A"
1,2,1,"A"
3,3,1,"A"
3,1,1,"A"
2,1,2,"A"
2,1,2,"A"
1,1,1,"A"
1,1,1,"A"
1,1,1,"A"
2,2,1,"A"
2,1,2,"A"
3,1,1,"A"
2,1,1,"A"
2,3,3,"A"
1,1,1,"A"
2,1,1,"A"
3,1,1,"A"
1,1,1,"A"
1,1,1,"A"
2,1,1,"A"
2,2,1,"A"
3,1,1,"A"
3,1,1,"A"
1,1,1,"A"
3,2,1,"A"
2,2,1,"A"
2,1,1,"A"
2,1,1,"A"
3,1,1,"A"
3,1,1,"A"
2,2,1,"A"
3,1,1,"A"
3,2,1,"A"
3,1,1,"A"
3,1,1,"A"
1,1,1,"A"
3,1,1,"A"
1,1,1,"A"
3,2,1,"A"
1,1,3,"A"
3,1,1,"A"
1,1,2,"A"
2,1,1,"A"
2,1,2,"A"
1,1,1,"A"
3,1,1,"A"
1,1,1,"A"
1,1,1,"A"
2,1,1,"A"
1,1,1,"A"
1,1,1,"A"
1,1,1,"A"
2,1,1,"A"
3,2,1,"A"
3,2,1,"A"
1,1,1,"A"
1,3,1,"A"
3,1,1,"A"
2,1,1,"A"
3,2,1,"A"
3,1,3,"A"
3,1,2,"A"
2,1,1,"A"
3,2,2,"A"
1,1,1,"A"
1,2,1,"A"
1,1,3,"A"
3,1,1,"A"
1,1,1,"A"
1,2,1,"A"
1,1,1,"A"
1,2,1,"A"
2,1,1,"A"
2,1,1,"A"
3,1,1,"A"
1,1,2,"A"
3,1,1,"A"
1,3,1,"A"
3,1,1,"A"
2,1,1,"A"
1,1,1,"A"
1,1,1,"A"
2,2,1,"A"
3,1,1,"A"
1,1,1,"A"
2,1,1,"A"
1,1,1,"A"
3,1,1,"A"
3,1,1,"A"
1,2,1,"A"
3,1,1,"A"
2,1,1,"A"
3,1,1,"A"
3,1,1,"A"
2,2,1,"A"
1,1,3,"A"
2,1,1,"A"
3,1,1,"A"
3,1,2,"A"
1,1,2,"A"
2,1,1,"A"
1,1,3,"A"
1,1,1,"A"
3,1,1,"A"
2,1,1,"A"
2,1,1,"A"
2,1,2,"A"
1,1,1,"A"
1,1,1,"A"
2,1,2,"A"
3,1,1,"A"
2,1,1,"A"
1,1,1,"A"
3,1,1,"A"
3,1,1,"A"
1,1,3,"A"
3,1,1,"A"
1,1,1,"A"
2,1,1,"A"
1,1,1,"A"
1,1,1,"A"
1,1,1,"A"
1,1,1,"A"
3,3,1,"A"
2,1,1,"A"
3,1,1,"A"
2,1,1,"A"
3,1,1,"A"
3,1,1,"A"
3,1,1,"A"
3,3,1,"A"
1,2,1,"A"
1,1,1,"A"
2,1,1,"A"
2,1,1,"A"
2,1,1,"A"
2,1,3,"A"
1,1,1,"A"
3,1,3,"A"
2,1,1,"A"
1,1,3,"A"
1,2,3,"A"
2,1,3,"A"
1,1,1,"A"
1,1,1,"A"
3,1,3,"A"
3,1,1,"A"
1,1,1,"A"
3,1,1,"A"
2,1,1,"A"
3,1,1,"A"
1,1,1,"A"
1,2,1,"A"
2,1,2,"A"
1,1,1,"A"
2,1,1,"A"
2,1,2,"A"
3,1,2,"A"
1,1,1,"A"
2,1,1,"A"
2,1,1,"A"
3,1,1,"A"
2,1,1,"A"
3,1,1,"A"
3,1,1,"A"
2,1,3,"A"
2,2,1,"A"
3,3,1,"A"
2,1,1,"A"
3,1,2,"A"
1,1,1,"A"
3,3,1,"A"
1,1,1,"A"
2,1,2,"A"
1,1,1,"A"
3,2,1,"A"
2,2,1,"A"
3,1,1,"A"
3,1,1,"A"
2,1,1,"A"
2,1,1,"A"
1,1,1,"A"
2,1,1,"A"
2,2,2,"A"
2,1,1,"A"
2,1,1,"A"
3,1,1,"A"
2,1,1,"A"
3,1,1,"A"
1,1,3,"A"
1,1,1,"A"
2,3,1,"A"
3,1,2,"A"
1,1,1,"A"
1,1,3,"A"
1,2,1,"A"
3,1,1,"A"
3,1,1,"A"
3,1,1,"A"
3,1,1,"A"
3,1,2,"A"
3,1,1,"A"
3,3,1,"A"
3,1,1,"A"
3,1,1,"A"
3,1,1,"A"
3,1,1,"A"
2,1,1,"A"
3,1,1,"A"
3,1,1,"A"
2,3,1,"A"
2,1,1,"A"
3,1,1,"A"
1,1,3,"A"
3,1,1,"A"
3,1,1,"A"
3,1,1,"A"
1,1,1,"A"
3,1,2,"A"
3,1,2,"A"
2,1,1,"A"
3,1,1,"A"
3,1,1,"A"
3,1,1,"A"
2,2,1,"A"
3,1,3,"A"
1,3,1,"A"
2,1,2,"A"
3,1,1,"A"
3,1,1,"A"
2,1,1,"A"
2,1,1,"A"
2,3,2,"A"
2,1,1,"A"
2,1,1,"A"
1,2,1,"A"
1,2,2,"A"
3,1,2,"A"
1,1,1,"A"
3,1,2,"A"
2,1,1,"A"
1,1,1,"A"
3,1,1,"A"
3,1,1,"A"
2,3,3,"A"
3,1,1,"A"
1,1,1,"A"
1,1,1,"A"
3,2,1,"A"
1,1,1,"A"
1,3,1,"A"
1,1,1,"A"
3,1,3,"A"
1,1,1,"A"
1,2,1,"A"
2,3,2,"A"
1,1,1,"A"
3,1,1,"A"
1,1,1,"A"
2,2,1,"A"
3,1,1,"A"
2,1,1,"A"
3,1,1,"A"
1,1,1,"A"
3,1,3,"A"
3,1,1,"A"
2,3,1,"A"
2,3,1,"A"
2,1,1,"A"
1,1,1,"A"
3,1,1,"A"
2,1,2,"A"
3,1,1,"A"
3,1,1,"A"
1,2,1,"A"
1,3,1,"A"
1,1,1,"A"
1,3,1,"A"
1,1,1,"A"
1,1,2,"A"
2,1,1,"A"
1,1,1,"A"
2,1,1,"A"
1,1,1,"A"
3,1,1,"A"
1,1,1,"A"
3,2,1,"A"
1,1,1,"A"
2,1,2,"A"
2,1,1,"A"
3,1,1,"A"
2,1,1,"A"
3,2,1,"A"
1,1,1,"A"
2,1,1,"A"
1,1,1,"A"
1,2,2,"A"
3,1,1,"A"
3,1,1,"A"
1,1,1,"A"
1,1,1,"A"
3,3,1,"A"
2,1,1,"A"
1,1,1,"A"
2,1,1,"A"
1,1,1,"A"
2,1,1,"A"
3,2,1,"A"
3,1,1,"A"
3,2,1,"A"
1,1,1,"A"
1,1,1,"A"
1,1,1,"A"
1,1,1,"A"
2,3,1,"A"
2,1,1,"A"
3,3,1,"A"
1,2,3,"A"
1,1,1,"A"
3,1,1,"A"
2,1,1,"A"
1,2,1,"A"
3,1,3,"A"
3,2,1,"A"
2,1,1,"A"
3,1,1,"A"
1,1,1,"A"
1,1,1,"A"
1,1,2,"A"
2,1,1,"A"
1,1,1,"A"
2,2,1,"A"
1,1,1,"A"
3,1,3,"A"
1,1,1,"A"
3,1,1,"A"
2,1,1,"A"
1,1,1,"A"
2,1,2,"A"
2,1,2,"A"
3,1,1,"A"
1,2,1,"A"
3,1,1,"A"
3,1,1,"A"
3,1,1,"A"
2,3,3,"A"
2,1,3,"A"
1,2,1,"A"
2,1,3,"A"
3,1,1,"A"
3,1,1,"A"
3,1,1,"A"
3,1,1,"A"
2,1,1,"A"
2,1,2,"A"
1,1,1,"A"
1,1,1,"A"
1,1,1,"A"
1,2,1,"A"
1,1,1,"A"
2,1,1,"A"
1,1,3,"A"
1,3,1,"A"
3,1,1,"A"
1,1,2,"A"
3,1,1,"A"
1,1,1,"A"
1,1,1,"A"
3,1,1,"A"
2,1,3,"A"
1,1,1,"A"
3,1,1,"A"
1,1,1,"A"
2,1,1,"A"
1,2,1,"A"
1,1,1,"A"
1,1,1,"A"
1,1,1,"A"
1,1,1,"A"
2,1,2,"A"
2,1,1,"A"
2,1,1,"A"
1,3,1,"A"
2,1,1,"A"
3,1,1,"A"
3,1,1,"A"
3,3,3,"A"
1,1,3,"A"
2,1,1,"A"
3,1,1,"A"
2,1,1,"A"
3,1,1,"A"
3,1,1,"A"
3,2,1,"A"
1,1,1,"A"
1,1,1,"A"
1,3,1,"A"
2,1,1,"A"
1,3,2,"A"
1,1,1,"A"
1,1,1,"A"
3,1,1,"A"
3,1,1,"A"
2,1,1,"A"
2,2,1,"A"
1,1,1,"A"
2,3,1,"A"
3,1,1,"A"
3,3,1,"A"
1,1,1,"A"
1,2,2,"A"
3,1,3,"A"
2,1,1,"A"
3,1,3,"A"
3,1,1,"A"
3,1,1,"A"
3,2,1,"A"
3,3,3,"A"
1,2,1,"A"
1,1,2,"A"
3,1,1,"A"
3,1,1,"A"
1,1,1,"A"
2,1,1,"A"
3,2,1,"A"
2,1,1,"A"
1,1,1,"A"
2,1,1,"A"
2,1,1,"A"
1,1,1,"A"
3,1,1,"A"
1,1,1,"A"
3,1,1,"A"
1,1,1,"A"
3,1,3,"A"
1,1,1,"A"
3,1,3,"A"
1,1,1,"A"
1,1,1,"A"
3,1,1,"A"
1,2,2,"A"
1,3,1,"A"
3,1,1,"A"
2,1,2,"A"
2,1,1,"A"
3,1,1,"A"
1,3,1,"A"
2,1,1,"A"
2,1,1,"A"
1,1,1,"A"
2,1,1,"A"
3,1,3,"A"
2,3,1,"A"
2,1,1,"A"
3,1,1,"A"
2,1,1,"A"
3,1,1,"A"
1,2,1,"A"
3,2,1,"A"
3,1,1,"A"
1,3,1,"A"
3,1,1,"A"
3,3,1,"A"
1,3,2,"A"
2,3,2,"A"
2,1,1,"A"
2,1,2,"A"
2,1,1,"A"
2,3,1,"A"
2,1,1,"A"
2,1,1,"A"
3,2,1,"A"
1,1,1,"A"
2,1,1,"A"
3,3,1,"A"
3,1,3,"A"
2,1,3,"A"
2,1,2,"A"
3,1,1,"A"
2,1,1,"A"
2,1,1,"A"
3,1,1,"A"
1,1,1,"A"
2,1,1,"A"
1,1,1,"A"
1,3,1,"A"
1,1,1,"A"
2,1,1,"A"
2,1,1,"A"
3,1,1,"A"
1,1,3,"A"
2,1,3,"A"
1,2,1,"A"
1,1,1,"A"
2,1,1,"A"
3,1,2,"A"
2,1,1,"A"
3,1,1,"A"
2,1,1,"A"
1,1,1,"A"
2,1,1,"A"
3,1,1,"A"
3,1,1,"A"
2,1,1,"A"
2,1,1,"A"
1,1,1,"A"
3,1,1,"A"
1,1,3,"A"
2,1,1,"A"
2,2,1,"A"
1,1,1,"A"
2,1,1,"A"
3,1,1,"A"
1,3,1,"A"
1,1,1,"A"
2,3,1,"A"
3,1,1,"A"
3,2,3,"A"
2,3,3,"A"
3,1,1,"A"
3,1,1,"A"
1,1,3,"A"
1,1,1,"A"
2,1,2,"A"
2,2,1,"A"
2,1,1,"A"
1,1,1,"A"
1,1,1,"A"
2,1,1,"A"
2,1,2,"A"
3,2,1,"A"
1,1,1,"A"
1,1,1,"A"
2,1,1,"A"
1,1,2,"A"
3,1,1,"A"
2,1,1,"A"
3,1,1,"A"
3,1,1,"A"
3,1,2,"A"
3,1,1,"A"
2,1,1,"A"
3,1,2,"A"
1,1,1,"A"
3,1,1,"A"
3,2,1,"A"
2,1,1,"A"
1,1,1,"A"
3,1,1,"A"
1,1,3,"A"
3,2,1,"A"
1,1,1,"A"
3,1,1,"A"
3,2,1,"A"
2,1,1,"A"
2,1,1,"A"
3,1,3,"A"
1,1,1,"A"
2,2,1,"A"
2,1,3,"A"
1,1,2,"A"
1,1,1,"A"
2,1,1,"A"
2,2,1,"A"
3,1,1,"A"
3,1,2,"A"
2,1,3,"A"
2,2,1,"A"
2,2,1,"A"
1,3,1,"A"
2,1,1,"A"
1,1,1,"A"
2,1,1,"A"
2,1,1,"A"
2,1,1,"A"
1,1,1,"A"
2,1,1,"A"
2,2,1,"A"
1,1,1,"A"
2,3,1,"A"
3,1,1,"A"
3,1,1,"A"
1,1,1,"A"
1,1,1,"A"
2,3,1,"A"
1,1,1,"A"
2,1,1,"A"
3,2,1,"A"
3,1,2,"A"
2,1,1,"A"
2,1,2,"A"
3,1,1,"A"
3,1,1,"A"
1,1,1,"A"
2,1,3,"A"
2,2,1,"A"
2,1,1,"A"
3,3,3,"A"
1,1,1,"A"
2,1,1,"A"
1,1,1,"A"
1,1,1,"A"
1,1,1,"A"
2,1,1,"A"
3,1,1,"A"
1,2,1,"A"
3,1,1,"A"
3,1,1,"A"
1,1,1,"A"
3,1,1,"A"
2,1,1,"A"
1,3,2,"A"
3,1,1,"A"
2,1,1,"A"
3,1,1,"A"
3,1,1,"A"
1,1,1,"A"
2,3,1,"A"
2,1,1,"A"
2,1,1,"A"
1,1,1,"A"
3,1,1,"A"
1,1,1,"A"
3,1,3,"A"
3,1,1,"A"
2,1,1,"A"
2,1,1,"A"
3,1,1,"A"
1,1,1,"A"
3,1,1,"A"
1,1,1,"A"
1,2,1,"A"
2,1,1,"A"
3,1,1,"A"
1,1,1,"A"
2,1,2,"A"
3,1,1,"A"
2,3,1,"A"
3,1,1,"A"
1,3,1,"A"
2,1,1,"A"
1,1,1,"A"
3,1,1,"A"
2,3,1,"A"
3,1,1,"A"
2,3,1,"A"
3,3,1,"A"
2,3,1,"A"
3,3,1,"A"
2,1,3,"A"
3,1,1,"A"
2,1,1,"A"
2,1,1,"A"
2,1,1,"A"
2,1,1,"A"
1,1,1,"A"
1,1,2,"A"
2,1,1,"A"
1,1,1,"A"
1,1,1,"A"
1,3,1,"A"
3,1,1,"A"
2,1,3,"A"
3,1,3,"A"
3,1,1,"A"
3,1,3,"A"
1,1,2,"A"
3,1,1,"A"
3,1,1,"A"
3,1,1,"A"
2,1,1,"A"
3,1,1,"A"
1,1,1,"A"
3,1,1,"A"
3,1,1,"A"
3,1,1,"A"
3,1,2,"A"
3,1,1,"A"
1,1,1,"A"
3,1,1,"A"
2,3,3,"A"
2,2,1,"A"
3,1,1,"A"
1,1,3,"A"
1,1,1,"A"
3,1,1,"A"
1,1,1,"A"
2,1,2,"A"
1,2,1,"A"
2,1,1,"A"
2,1,1,"A"
3,1,1,"A"
1,1,1,"A"
3,1,3,"A"
2,1,1,"A"
2,1,1,"A"
3,1,3,"A"
2,1,1,"A"
1,1,1,"A"
2,1,2,"A"
1,1,1,"A"
1,1,1,"A"
3,3,1,"A"
3,1,3,"A"
2,1,2,"A"
1,1,1,"A"
3,2,1,"A"
3,3,3,"A"
2,1,3,"A"
1,1,1,"A"
2,2,1,"A"
1,3,1,"A"
2,1,1,"A"
3,1,1,"A"
3,2,1,"A"
3,1,1,"A"
2,1,1,"A"
1,1,1,"A"
2,2,3,"A"
1,1,2,"A"
3,1,3,"A"
1,1,1,"A"
3,1,1,"A"
1,1,1,"A"
3,3,1,"A"
3,2,3,"A"
2,1,1,"A"
3,3,1,"A"
3,2,1,"A"
3,1,1,"A"
2,3,1,"A"
2,1,1,"A"
2,1,3,"A"
3,1,1,"A"
1,2,1,"A"
1,1,1,"A"
2,1,1,"A"
1,1,1,"A"
3,3,1,"A"
1,1,1,"A"
3,1,1,"A"
1,1,1,"A"
2,1,1,"A"
1,3,1,"A"
1,1,1,"A"
2,1,1,"A"
1,1,3,"A"
3,2,1,"A"
3,2,2,"A"
2,1,1,"A"
3,1,3,"A"
1,1,1,"A"
3,1,2,"A"
3,1,2,"A"
3,1,1,"A"
2,1,1,"A"
2,1,2,"A"
2,1,1,"A"
1,1,1,"A"
3,1,3,"A"
2,1,1,"A"
1,1,3,"A"
2,1,2,"A"
2,1,1,"A"
2,3,1,"A"
2,2,1,"A"
1,2,3,"B"
1,2,3,"B"
1,2,3,"B"
1,2,3,"B"
1,2,3,"B"
1,2,3,"B"
1,2,3,"B"
1,2,2,"B"
2,2,3,"B"
1,3,3,"B"
1,2,3,"B"
3,2,2,"B"
1,2,3,"B"
1,2,1,"B"
1,2,3,"B"
1,2,3,"B"
3,2,3,"B"
1,2,3,"B"
1,2,3,"B"
1,1,3,"B"
1,2,3,"B"
1,3,1,"B"
1,2,1,"B"
1,1,3,"B"
1,2,3,"B"
3,2,3,"B"
1,2,3,"B"
1,2,3,"B"
2,2,3,"B"
3,2,3,"B"
1,2,3,"B"
3,2,3,"B"
1,2,3,"B"
3,1,3,"B"
3,2,3,"B"
2,2,3,"B"
1,2,3,"B"
3,2,3,"B"
1,2,3,"B"
3,2,3,"B"
1,2,3,"B"
1,2,3,"B"
1,2,3,"B"
1,3,3,"B"
2,3,3,"B"
1,2,3,"B"
1,2,3,"B"
1,2,1,"B"
1,2,3,"B"
1,2,2,"B"
3,2,1,"B"
3,2,2,"B"
1,2,3,"B"
3,2,3,"B"
1,3,3,"B"
1,2,3,"B"
3,2,3,"B"
1,2,3,"B"
1,2,3,"B"
1,1,3,"B"
1,2,1,"B"
1,1,3,"B"
2,2,3,"B"
1,2,3,"B"
1,3,3,"B"
2,1,3,"B"
1,3,3,"B"
1,2,3,"B"
3,1,3,"B"
1,2,3,"B"
1,2,3,"B"
1,2,3,"B"
3,2,3,"B"
2,2,3,"B"
1,2,3,"B"
3,2,3,"B"
1,2,3,"B"
2,2,3,"B"
1,2,3,"B"
1,3,3,"B"
1,2,3,"B"
1,2,3,"B"
1,1,1,"B"
1,2,3,"B"
1,2,3,"B"
1,2,1,"B"
1,2,3,"B"
1,2,3,"B"
1,3,3,"B"
1,3,3,"B"
2,2,3,"B"
1,2,3,"B"
1,2,1,"B"
1,2,3,"B"
1,2,3,"B"
1,2,3,"B"
3,1,3,"B"
2,2,3,"B"
1,2,3,"B"
1,2,3,"B"
1,2,2,"B"
1,2,1,"B"
1,2,3,"B"
2,2,3,"B"
1,3,3,"B"
1,2,3,"B"
1,2,3,"B"
1,2,1,"B"
1,2,3,"B"
2,2,3,"B"
1,2,3,"B"
1,2,3,"B"
1,2,3,"B"
1,2,3,"B"
1,2,3,"B"
1,2,3,"B"
1,3,3,"B"
1,2,3,"B"
1,3,3,"B"
3,2,3,"B"
1,2,3,"B"
1,3,3,"B"
3,2,3,"B"
1,2,2,"B"
1,2,3,"B"
1,2,2,"B"
1,2,3,"B"
1,3,3,"B"
1,2,3,"B"
1,2,1,"B"
2,2,3,"B"
1,2,1,"B"
1,2,3,"B"
1,2,3,"B"
1,2,3,"B"
1,1,1,"B"
1,2,2,"B"
3,2,2,"B"
3,2,3,"B"
1,3,3,"B"
1,2,3,"B"
1,2,3,"B"
1,2,3,"B"
1,2,3,"B"
1,2,3,"B"
1,2,3,"B"
1,2,3,"B"
1,2,3,"B"
1,2,3,"B"
1,2,3,"B"
1,2,3,"B"
1,2,2,"B"
1,2,1,"B"
1,1,3,"B"
1,2,3,"B"
1,2,3,"B"
2,2,3,"B"
1,2,3,"B"
1,2,3,"B"
3,2,3,"B"
2,2,3,"B"
1,2,1,"B"
1,1,3,"B"
1,2,3,"B"
1,2,3,"B"
1,2,3,"B"
1,2,2,"B"
1,2,3,"B"
1,1,1,"B"
1,2,3,"B"
1,2,3,"B"
3,2,3,"B"
1,2,3,"B"
1,2,2,"B"
1,2,3,"B"
1,2,3,"B"
1,2,3,"B"
1,2,3,"B"
1,2,3,"B"
1,2,3,"B"
1,2,3,"B"
1,2,3,"B"
1,2,2,"B"
1,2,3,"B"
1,2,2,"B"
1,2,3,"B"
1,2,3,"B"
1,2,1,"B"
1,2,3,"B"
3,1,2,"B"
1,2,3,"B"
1,2,2,"B"
1,2,3,"B"
1,2,3,"B"
1,2,3,"B"
1,2,3,"B"
1,2,3,"B"
1,2,3,"B"
1,3,3,"B"
1,2,3,"B"
1,2,3,"B"
3,2,2,"B"
1,2,3,"B"
1,2,3,"B"
3,2,1,"B"
1,1,1,"B"
1,2,3,"B"
1,2,3,"B"
1,3,3,"B"
1,2,3,"B"
1,2,2,"B"
1,1,3,"B"
3,2,3,"B"
1,2,3,"B"
1,2,3,"B"
3,2,3,"B"
1,2,3,"B"
3,2,1,"B"
2,2,3,"B"
3,2,2,"B"
1,2,2,"B"
1,2,3,"B"
1,2,3,"B"
1,2,3,"B"
3,2,3,"B"
2,2,2,"B"
1,2,3,"B"
1,2,3,"B"
1,1,3,"B"
1,2,3,"B"
1,2,3,"B"
1,2,2,"B"
1,1,3,"B"
1,2,2,"B"
1,1,3,"B"
1,2,3,"B"
1,2,1,"B"
3,2,3,"B"
3,2,3,"B"
1,2,3,"B"
2,2,3,"B"
1,2,3,"B"
1,2,3,"B"
1,2,3,"B"
1,2,3,"B"
1,2,3,"B"
1,2,3,"B"
2,3,3,"B"
1,2,3,"B"
1,2,3,"B"
1,2,3,"B"
1,2,2,"B"
1,2,3,"B"
1,2,3,"B"
1,3,3,"B"
1,1,3,"B"
1,2,3,"B"
1,1,3,"B"
1,2,1,"B"
3,2,3,"B"
1,2,3,"B"
1,2,3,"B"
1,1,3,"B"
1,2,3,"B"
2,2,3,"B"
1,2,3,"B"
3,2,3,"B"
1,1,2,"B"
1,1,3,"B"
1,2,3,"B"
1,2,3,"B"
1,2,3,"B"
1,2,3,"B"
1,3,3,"B"
1,1,3,"B"
1,2,3,"B"
1,2,3,"B"
1,2,1,"B"
3,2,3,"B"
2,2,3,"B"
1,2,3,"B"
1,2,3,"B"
1,2,3,"B"
1,1,3,"B"
1,2,3,"B"
1,1,3,"B"
1,2,3,"B"
1,2,3,"B"
1,3,3,"B"
1,1,1,"B"
1,2,3,"B"
1,2,3,"B"
1,2,3,"B"
1,2,3,"B"
3,2,3,"B"
1,2,3,"B"
1,2,3,"B"
1,3,3,"B"
1,2,3,"B"
2,2,3,"B"
1,2,1,"B"
1,2,3,"B"
1,2,1,"B"
1,2,3,"B"
2,2,3,"B"
1,2,3,"B"
1,2,3,"B"
1,2,3,"B"
1,2,3,"B"
2,2,3,"B"
3,2,3,"B"
1,3,3,"B"
1,2,1,"B"
1,2,3,"B"
1,1,3,"B"
1,2,3,"B"
1,2,3,"B"
1,2,3,"B"
3,2,1,"B"
1,2,2,"B"
3,2,3,"B"
1,2,3,"B"
1,1,3,"B"
3,2,3,"B"
3,2,3,"B"
1,2,3,"B"
1,2,3,"B"
1,2,1,"B"
1,2,3,"B"
1,2,3,"B"
1,2,3,"B"
1,2,3,"B"
1,1,3,"B"
1,2,2,"B"
2,1,2,"B"
1,2,3,"B"
3,1,1,"B"
1,2,3,"B"
1,2,3,"B"
1,2,2,"B"
1,1,3,"B"
1,2,3,"B"
1,2,3,"B"
1,2,3,"B"
1,2,3,"B"
2,2,1,"B"
1,2,3,"B"
3,1,3,"B"
1,2,3,"B"
1,2,3,"B"
1,1,3,"B"
1,2,3,"B"
1,2,3,"B"
1,2,3,"B"
1,2,3,"B"
1,2,3,"B"
2,2,3,"B"
1,2,3,"B"
1,1,3,"B"
1,2,3,"B"
3,3,3,"B"
3,2,3,"B"
1,2,2,"B"
1,1,1,"B"
1,2,1,"B"
3,2,3,"B"
1,2,3,"B"
1,2,3,"B"
1,2,3,"B"
2,2,3,"B"
2,1,3,"B"
2,2,3,"B"
1,3,1,"B"
2,3,3,"B"
1,2,3,"B"
1,1,3,"B"
1,2,3,"B"
3,2,3,"B"
1,2,3,"B"
1,2,2,"B"
1,2,3,"B"
1,2,3,"B"
1,2,2,"B"
1,2,2,"B"
1,2,1,"B"
3,2,2,"B"
1,1,3,"B"
2,2,2,"B"
1,3,3,"B"
1,2,1,"B"
2,2,3,"B"
1,3,1,"B"
1,2,3,"B"
1,2,3,"B"
1,3,3,"B"
1,2,3,"B"
3,1,3,"B"
3,2,3,"B"
1,2,3,"B"
1,2,3,"B"
1,2,3,"B"
1,2,3,"B"
1,2,3,"B"
1,3,3,"B"
2,2,3,"B"
1,1,3,"B"
1,2,3,"B"
1,1,3,"B"
1,2,3,"B"
1,2,3,"B"
1,2,1,"B"
2,2,3,"B"
1,2,3,"B"
1,2,3,"B"
1,2,3,"B"
3,3,3,"B"
1,1,3,"B"
2,1,2,"B"
1,2,3,"B"
3,2,3,"B"
1,1,2,"B"
1,2,3,"B"
1,2,3,"B"
1,2,3,"B"
1,3,3,"B"
1,2,3,"B"
1,2,3,"B"
1,2,1,"B"
1,2,3,"B"
1,2,3,"B"
2,2,3,"B"
1,2,1,"B"
1,2,3,"B"
1,2,1,"B"
3,2,1,"B"
1,2,3,"B"
1,2,3,"B"
1,2,3,"B"
1,3,3,"B"
3,2,3,"B"
1,2,3,"B"
1,2,1,"B"
1,2,3,"B"
1,2,3,"B"
2,2,3,"B"
1,2,3,"B"
1,2,3,"B"
3,2,3,"B"
1,2,3,"B"
1,2,3,"B"
1,2,3,"B"
1,2,3,"B"
3,2,3,"B"
1,2,2,"B"
1,2,3,"B"
2,2,3,"B"
1,2,3,"B"
1,3,3,"B"
3,2,3,"B"
2,2,3,"B"
1,2,2,"B"
1,2,3,"B"
1,2,3,"B"
1,1,2,"B"
1,2,3,"B"
1,3,2,"B"
1,2,3,"B"
3,2,3,"B"
1,2,3,"B"
1,3,2,"B"
1,2,3,"B"
1,2,3,"B"
1,3,3,"B"
1,2,3,"B"
1,3,3,"B"
1,2,3,"B"
1,2,3,"B"
2,3,3,"B"
3,2,3,"B"
1,2,2,"B"
1,2,3,"B"
1,2,3,"B"
1,2,3,"B"
1,2,3,"B"
2,2,3,"B"
1,2,3,"B"
1,2,1,"B"
2,2,3,"B"
1,2,3,"B"
1,2,1,"B"
1,2,3,"B"
1,2,1,"B"
1,1,2,"B"
1,2,3,"B"
2,2,1,"B"
3,2,3,"B"
1,2,3,"B"
1,2,1,"B"
1,2,3,"B"
1,2,3,"B"
